TILE,MJD,EXPN,RA_2,DEC_2,target_index,target
1056253,60586,26873,3.450909,-39.561226,310,NGC55
1056253,60586,26872,3.450909,-39.561226,310,NGC55
1056253,60586,26870,3.450909,-39.561226,310,NGC55
1056253,60586,26869,3.450909,-39.561226,310,NGC55
1056253,60586,26868,3.450909,-39.561226,310,NGC55
1056253,60586,26867,3.450909,-39.561226,310,NGC55
1056253,60586,26866,3.450909,-39.561226,310,NGC55
1056253,60586,26864,3.450909,-39.561226,310,NGC55
1056255,60585,26804,3.180606,-39.195695,310,NGC55
1056255,60585,26803,3.180606,-39.195695,310,NGC55
1056255,60585,26802,3.180606,-39.195695,310,NGC55
1056255,60585,26801,3.180606,-39.195695,310,NGC55
1056255,60585,26800,3.180606,-39.195695,310,NGC55
1056255,60585,26799,3.180606,-39.195695,310,NGC55
1056255,60585,26798,3.180606,-39.195695,310,NGC55
1056255,60585,26797,3.180606,-39.195695,310,NGC55
1056255,60585,26796,3.180606,-39.195695,310,NGC55
1056256,60581,26493,3.723333,-39.196639,310,NGC55
1056256,60581,26492,3.723333,-39.196639,310,NGC55
1056256,60581,26491,3.723333,-39.196639,310,NGC55
1056256,60581,26490,3.723333,-39.196639,310,NGC55
1056256,60581,26489,3.723333,-39.196639,310,NGC55
1056256,60581,26488,3.723333,-39.196639,310,NGC55
1056256,60581,26487,3.723333,-39.196639,310,NGC55
1056256,60581,26486,3.723333,-39.196639,310,NGC55
1056256,60581,26485,3.723333,-39.196639,310,NGC55
